#Layer_Color=16711935
#
#Feature symbol names
#
$0 r3.937

#
#Feature attribute names
#

#
#Layer features
#
A 2.6122047 3.8917322 2.6122047 3.8917322 2.5925197 3.8917322 0 P 0 N
A 3.1929134 2.6122047 3.1929134 2.6122047 3.1732284 2.6122047 0 P 0 N
A 4.2499999 3.226378 4.2499999 3.226378 4.2303149 3.226378 0 P 0 N
A 5.4173229 3.1161417 5.4173229 3.1161417 5.3976379 3.1161417 0 P 0 N
A 5.5748031 2.3287401 5.5748031 2.3287401 5.5551181 2.3287401 0 P 0 N
L 2.4704725 3.7303149 2.4704725 3.9271653 0 P 0
L 2.4704725 3.7303149 2.6279528 3.7303149 0 P 0
L 2.4704725 3.9271653 2.6279528 3.9271653 0 P 0
L 2.6279528 3.7303149 2.6279528 3.9271653 0 P 0
L 2.8799213 3.2244095 2.8799213 3.3700788 0 P 0
L 2.8799213 3.2244095 3.1437008 3.2244095 0 P 0
L 2.8799213 3.3700788 3.1437008 3.3700788 0 P 0
L 3.0511812 2.4507874 3.0511812 2.6476378 0 P 0
L 3.0511812 2.4507874 3.2086615 2.4507874 0 P 0
L 3.0511812 2.6476378 3.2086615 2.6476378 0 P 0
L 3.1358267 4.297244 3.1358267 4.5610235 0 P 0
L 3.1358267 4.297244 3.281496 4.297244 0 P 0
L 3.1358267 4.5610235 3.281496 4.5610235 0 P 0
L 3.1437008 3.2244095 3.1437008 3.3700788 0 P 0
L 3.2086615 2.4507874 3.2086615 2.6476378 0 P 0
L 3.281496 4.297244 3.281496 4.5610235 0 P 0
L 3.2992126 3.2972441 3.2992126 3.4153543 0 P 0
L 3.2992126 3.2972441 3.3543307 3.2972441 0 P 0
L 3.2992126 3.4153543 3.3543307 3.4153543 0 P 0
L 3.3543307 3.2972441 3.3543307 3.4153543 0 P 0
L 3.4212599 2.9389763 3.4212599 3.2027558 0 P 0
L 3.4212599 2.9389763 3.5669292 2.9389763 0 P 0
L 3.4212599 3.2027558 3.5669292 3.2027558 0 P 0
L 3.5669292 2.9389763 3.5669292 3.2027558 0 P 0
L 3.6318898 4.253937 3.6318898 4.3090551 0 P 0
L 3.6318898 4.253937 3.75 4.253937 0 P 0
L 3.6318898 4.3090551 3.75 4.3090551 0 P 0
L 3.6929133 3.4448819 3.6929133 3.5629921 0 P 0
L 3.6929133 3.4448819 3.7480314 3.4448819 0 P 0
L 3.6929133 3.5629921 3.7480314 3.5629921 0 P 0
L 3.7480314 3.4448819 3.7480314 3.5629921 0 P 0
L 3.75 4.253937 3.75 4.3090551 0 P 0
L 3.9429135 2.2598426 3.9429135 2.4055119 0 P 0
L 3.9429135 2.2598426 4.206693 2.2598426 0 P 0
L 3.9429135 2.4055119 4.206693 2.4055119 0 P 0
L 4.1948818 3.1909449 4.1948818 3.3838583 0 P 0
L 4.1948818 3.1909449 4.3484251 3.1909449 0 P 0
L 4.1948818 3.3838583 4.3484251 3.3838583 0 P 0
L 4.206693 2.2598426 4.206693 2.4055119 0 P 0
L 4.3484251 3.1909449 4.3484251 3.3838583 0 P 0
L 5.1574804 3.0807086 5.1574804 3.3562992 0 P 0
L 5.1574804 3.0807086 5.433071 3.0807086 0 P 0
L 5.1574804 3.3562992 5.433071 3.3562992 0 P 0
L 5.2086614 4.1437008 5.2086614 4.261811 0 P 0
L 5.2086614 4.1437008 5.2637795 4.1437008 0 P 0
L 5.2086614 4.261811 5.2637795 4.261811 0 P 0
L 5.2637795 4.1437008 5.2637795 4.261811 0 P 0
L 5.3937008 2.293307 5.3937008 2.4507873 0 P 0
L 5.3937008 2.293307 5.5905512 2.293307 0 P 0
L 5.3937008 2.4507873 5.5905512 2.4507873 0 P 0
L 5.433071 3.0807086 5.433071 3.3562992 0 P 0
L 5.464567 3.6417323 5.464567 3.7598425 0 P 0
L 5.464567 3.6417323 5.5196851 3.6417323 0 P 0
L 5.464567 3.7598425 5.5196851 3.7598425 0 P 0
L 5.5196851 3.6417323 5.5196851 3.7598425 0 P 0
L 5.5905512 2.293307 5.5905512 2.4507873 0 P 0
