#Layer_Color=32768
#
#Feature symbol names
#
$0 r3.937
$1 r1.9685

#
#Feature attribute names
#

#
#Layer features
#
L 2.4015748 3.7204724 2.4015748 3.9370078 0 P 0
L 2.4015748 3.7204724 2.6968504 3.7204724 0 P 0
L 2.4015748 3.9370078 2.6968504 3.9370078 0 P 0
L 2.5295276 3.8287401 2.5688977 3.8287401 0 P 0
L 2.5492126 3.8090551 2.5492126 3.8484251 0 P 0
L 2.6968504 3.7204724 2.6968504 3.9370078 0 P 0
L 2.8700787 3.1259843 2.8700787 3.468504 1 P 0
L 2.8700787 3.1259843 3.1535433 3.1259843 1 P 0
L 2.8700787 3.468504 3.1535433 3.468504 1 P 0
L 2.9822835 2.4409449 2.9822835 2.6574803 0 P 0
L 2.9822835 2.4409449 3.2775591 2.4409449 0 P 0
L 2.9822835 2.6574803 3.2775591 2.6574803 0 P 0
L 2.992126 3.2972441 3.0314961 3.2972441 0 P 0
L 3.011811 3.2775591 3.011811 3.3169292 0 P 0
L 3.0374015 4.2874015 3.0374015 4.5708661 1 P 0
L 3.0374015 4.2874015 3.3799212 4.2874015 1 P 0
L 3.0374015 4.5708661 3.3799212 4.5708661 1 P 0
L 3.1102363 2.5492126 3.1496064 2.5492126 0 P 0
L 3.1299213 2.5295276 3.1299213 2.5688976 0 P 0
L 3.1535433 3.1259843 3.1535433 3.468504 1 P 0
L 3.1889763 4.4291338 3.2283464 4.4291338 0 P 0
L 3.2086613 4.4094487 3.2086613 4.4488188 0 P 0
L 3.25 3.2874015 3.25 3.4251968 0 P 0
L 3.25 3.2874015 3.4035433 3.2874015 0 P 0
L 3.25 3.4251968 3.4035433 3.4251968 0 P 0
L 3.2775591 2.4409449 3.2775591 2.6574803 0 P 0
L 3.3070866 3.3562992 3.3464567 3.3562992 0 P 0
L 3.3228347 2.9291338 3.3228347 3.2125984 1 P 0
L 3.3228347 2.9291338 3.6653544 2.9291338 1 P 0
L 3.3228347 3.2125984 3.6653544 3.2125984 1 P 0
L 3.3267717 3.3366141 3.3267717 3.3759842 0 P 0
L 3.3799212 4.2874015 3.3799212 4.5708661 1 P 0
L 3.4035433 3.2874015 3.4035433 3.4251968 0 P 0
L 3.4744095 3.0708661 3.5137796 3.0708661 0 P 0
L 3.4940945 3.051181 3.4940945 3.0905511 0 P 0
L 3.6220473 4.2047244 3.6220473 4.3582677 0 P 0
L 3.6220473 4.2047244 3.7598426 4.2047244 0 P 0
L 3.6220473 4.3582677 3.7598426 4.3582677 0 P 0
L 3.6437007 3.4350393 3.6437007 3.5728346 0 P 0
L 3.6437007 3.4350393 3.797244 3.4350393 0 P 0
L 3.6437007 3.5728346 3.797244 3.5728346 0 P 0
L 3.6653544 2.9291338 3.6653544 3.2125984 1 P 0
L 3.6712599 4.2814961 3.71063 4.2814961 0 P 0
L 3.6909449 4.261811 3.6909449 4.3011811 0 P 0
L 3.7007873 3.503937 3.7401574 3.503937 0 P 0
L 3.7204724 3.4842519 3.7204724 3.523622 0 P 0
L 3.7598426 4.2047244 3.7598426 4.3582677 0 P 0
L 3.797244 3.4350393 3.797244 3.5728346 0 P 0
L 3.9330709 2.1614174 3.9330709 2.5039371 1 P 0
L 3.9330709 2.1614174 4.2165355 2.1614174 1 P 0
L 3.9330709 2.5039371 4.2165355 2.5039371 1 P 0
L 4.0551182 2.3326772 4.0944883 2.3326772 0 P 0
L 4.0748032 2.3129922 4.0748032 2.3523623 0 P 0
L 4.1240157 3.1791339 4.1240157 3.3956693 0 P 0
L 4.1240157 3.1791339 4.4192913 3.1791339 0 P 0
L 4.1240157 3.3956693 4.4192913 3.3956693 0 P 0
L 4.2165355 2.1614174 4.2165355 2.5039371 1 P 0
L 4.2519684 3.2874016 4.2913385 3.2874016 0 P 0
L 4.2716535 3.2677166 4.2716535 3.3070866 0 P 0
L 4.4192913 3.1791339 4.4192913 3.3956693 0 P 0
L 5.0905513 3.0137795 5.0905513 3.4232283 1 P 0
L 5.0905513 3.0137795 5.5000001 3.0137795 1 P 0
L 5.0905513 3.4232283 5.5000001 3.4232283 1 P 0
L 5.1594488 4.1338582 5.1594488 4.2716535 0 P 0
L 5.1594488 4.1338582 5.3129921 4.1338582 0 P 0
L 5.1594488 4.2716535 5.3129921 4.2716535 0 P 0
L 5.2165354 4.2027559 5.2559055 4.2027559 0 P 0
L 5.2362205 4.1830708 5.2362205 4.2224409 0 P 0
L 5.2755906 3.2185039 5.3149607 3.2185039 0 P 0
L 5.2952757 3.1988189 5.2952757 3.238189 0 P 0
L 5.3129921 4.1338582 5.3129921 4.2716535 0 P 0
L 5.3838583 2.2244094 5.3838583 2.519685 0 P 0
L 5.3838583 2.2244094 5.6003937 2.2244094 0 P 0
L 5.3838583 2.519685 5.6003937 2.519685 0 P 0
L 5.4153544 3.6318898 5.4153544 3.7696851 0 P 0
L 5.4153544 3.6318898 5.5688977 3.6318898 0 P 0
L 5.4153544 3.7696851 5.5688977 3.7696851 0 P 0
L 5.472441 2.3720472 5.511811 2.3720472 0 P 0
L 5.472441 3.7007874 5.5118111 3.7007874 0 P 0
L 5.492126 2.3523621 5.492126 2.3917322 0 P 0
L 5.492126 3.6811024 5.492126 3.7204725 0 P 0
L 5.5000001 3.0137795 5.5000001 3.4232283 1 P 0
L 5.5688977 3.6318898 5.5688977 3.7696851 0 P 0
L 5.6003937 2.2244094 5.6003937 2.519685 0 P 0
